  王刚	  514263589745125638	男	 206	2020	 5	20	
力宏红	  521456398745612568	男	 108	2020	 5	20	
王凯琴	  65124539851452468X	女	 108	2020	 5	20	
刘鱼月	  521456398541257896	女	 108	2020	 5	21	
  鸿天	  325641287954123658	女	 304	2020	 5	21	
  如月	  45263987152654823X	女	 405	2020	 5	21	
张大宫	  874596541238541569	男	 211	2020	 5	21	
廖梅尔	  145874596523845833	男	 206	2020	 5	21	
马晴莎	  685412896523475206	女	 502	2020	 5	21	
李梅红	  452639854128736528	男	 305	2020	 5	21	
  彭湖	  985745213698541256	女	 305	2020	 5	21	
力宏红	  521456398745612568	男	 509	2020	 5	22	
李梅红	  452639854128736528	男	 509	2020	 5	22	
  如月	  45263987152654823X	女	 110	2020	 5	22	
李梅红	  452639854128736528	男	 411	2020	 5	23	
  哀婉	  256987451236547895	女	 411	2020	 5	23	
李梅红	  452639854128736528	男	 305	2020	 5	25	
沈韬光	  321456985236415789	男	 102	2020	 5	25	
李梅红	  452639854128736528	男	 102	2020	 5	26	
魏洳辉	  125406985263057842	男	 301	2020	 5	26	
唐海晚	  521456398745612568	女	 506	2020	 5	26	
李梅红	  452639854128736528	男	 202	2020	 6	20	
魏洳辉	  125406985263057842	男	 306	2020	 6	20	
  哀婉	  256987451236547895	女	 306	2020	 6	20	
  齐齐	  129658742305682459	女	 202	2020	 6	20	
李梅红	  452639854128736528	男	 405	2020	 6	22	
刘鱼月	  521456398541257896	女	 405	2020	 6	22	
李梅红	  452639854128736528	男	 104	2020	 6	23	
刘茹邵	  968513204578965214	女	 104	2020	 6	23	
李梅红	  452639854128736528	男	 308	2020	 6	25	
沈韬光	  321456985236415789	男	 207	2020	 6	25	
  哀婉	  256987451236547895	女	 609	2020	 6	25	
马晴莎	  685412896523475206	女	 609	2020	 6	25
纲雨泽	  856932567412586238	男	 207	2020	 6	26
  哀婉	  256987451236547895	女	 207	2020	 6	26
力宏红	  521456398745612568	男	 402	2020	 6	26
沈韬光	  321456985236415789	男	 612	2020	 6	26
李梅红	  452639854128736528	男	 612	2020	 6	26	
如月	  45263987152654823X	女	 612	2020	 6	26
 彭湖	  985745213698541256	女	 105	2020	 6	27
张大宫	  874596541238541569	男	 511	2020	 6	27
齐齐	  129658742305682459	女	 511	2020	 6	28
刘鱼月	  521456398541257896	女	 403	2020	 6	28
霍桦	  520121212458965237	男	 304	2020	 6	28
楠兰	  858569321458523145	男	 206	2020	 6	28
米兰德丝	  365236985417512577	男	 206	2020	 6	28
康离弥	  856971250362000158	男	 510	2020	 6	28
吕茗茗	  023651452225986547	女	 510	2020	 6	29
亢茨德	  452136522258951428	男	 506	2020	 6	29
米格	  745896588892012300	男	 506	2020	 6	29
adverso	  125693205874500026	女	 312	2020	 6	29
fiyili	  524189632058777456	男	 607	2020	 6	29
伊利	  652369852125236302	女	 607	2020	 6	30
毕	  745896322201258999	男	 607	2020	 6	30
桑葵	  125369852203647855	男	 607	2020	 6	30
